0.8273321850015913,4.710755528090926,8.634035211429978
4.823108483821611,4.046444462503635,0.37235465563175696
4.824436360675197,0.7034755613288768,1.3781723560953196
9.68597174383182,0.4005866192756302,8.145045099669598
5.793238147259723,1.4182835470906663,9.804393425101622
3.310511054146793,2.787149821231175,5.1046256536503
3.0878177465192778,8.84743620325008,9.51145113167891
0.31523577983457063,4.7439777355061725,1.2618742167302666
1.7631676004220198,7.437874298566527,7.0130448943629915
1.854848253157585,0.5469368584964462,0.4825169403246454
6.919021777519037,2.4767061023911086,5.231388244519395
1.1287396236929126,0.7430205534816992,4.358863202553673
4.54296455392606,5.071109589467805,5.218804533878551
2.433828721302438,2.4750652178829604,9.509205426311873
6.894411093933996,9.750707467700995,1.3838913484023363
0.6413589770945627,7.0100435665263925,6.6126243291814655
5.319548048028953,4.301608924955871,9.642752946854822
8.247417785634422,7.325901793089681,0.915024438321258
6.173772430485362,3.499981483834549,6.026145353728012
2.4740490318060457,2.5134151979472508,2.2256183071373616