5.807267197642644,1.3723156941760861,7.706149705520655
4.780333407220198,0.7551538139967551,1.1252701421556177
7.290943888002755,3.666667555147675,5.439095656941538
9.72016794572914,5.536448995675752,0.33259533969774435
6.234053554191391,6.873287384646556,0.5560655929696423
5.9474255927350725,1.9867419578174494,8.923220969781177
0.05303570939446445,0.5840090211454518,7.02288493295118
7.141517790022656,7.43564175809669,7.23660033527307
6.979581850636824,4.346857395205948,8.942659614464413
6.090960843889012,0.4105182750861147,3.920090072484468
9.041131934168906,7.4347709799071104,0.7274944334047373
8.526966492450729,3.5088466777179264,1.4459776091723553
0.40257189650453107,0.019148950653724572,6.192091624272079
9.44865107361342,6.100358907461402,7.25896395517864
8.732344098779913,3.4292543661425166,1.441383850455027
0.2425799565494713,5.145603190356481,1.5392542041005552
5.777273697883814,9.108845317235577,4.164782317454463
3.5062440600846667,3.440203132340769,8.562463817623424
0.10305075267304842,2.515345442769281,5.424274849699293
1.4304586152434773,4.486944058446403,2.3021861207050485
2.982855021757256,0.4085544277753428,5.018769094726922
3.3074224063350757,4.508046760950188,3.705327447958312
7.666000899276409,0.8276181739163024,3.664358041518798
8.74167253481862,3.1241098139015246,1.9542232430051887
4.123226393739216,4.638092669845664,9.185162481391373
1.3482663052493749,7.7043145416840995,2.4351304686172384
4.293725080818382,5.900874894478381,0.29262870239549543
9.052633704657199,0.8429054958590099,5.1273400196792105
3.7038092688219795,2.084625065338636,2.8705054738612867
7.99128279408292,5.637528037627541,4.483479863240985
5.093945882360162,6.133938757792906,7.478802748112999
6.253799162974087,3.16553058264235,2.202654813522532
8.133121957315785,8.593199551682599,6.585256521922433
4.339851720980975,5.868839658376052,2.4589282421913783
7.152677932923883,0.8844231171225025,2.027464572952218
0.023047837642135027,5.937557768504079,9.169478157221189
8.401113471251506,8.470981674597656,9.125299412662423
8.409029568464595,2.4188133687246816,7.437749922331537
7.588568493719717,6.459041274598256,5.860542018087297
8.914198500201257,2.1898096189098206,2.9970549961386936
5.856097707373353,0.4342177702057881,9.361634625892902
8.130899842313394,5.616713251775353,4.75718647305171
0.31110549040155533,1.3493965739970937,6.052715118061279
6.949512960272868,9.176741286059615,7.772949166547996
1.309930730255121,5.427904531638141,8.920035880423175
5.730333633020182,8.677583606954485,7.396096324473014
8.501706193443571,4.805522461246456,9.983083044499061
6.55466645864487,1.3945056830035774,9.636265789199825
9.86643355129628,7.439654443449295,3.055705486765996
1.987457434035531,2.767870268626548,7.661691015102825
7.707148658558532,1.7134997724495071,6.617098392858533
6.58456306904926,2.7543938078930976,0.5783385786369499
8.924457210347894,0.7848196303182642,9.940304480775918
1.8163285021053277,3.9803539519248488,3.5344081178971285
7.586894210745818,0.24834120252128278,3.544462876884383
1.769955222189239,7.978561973565821,5.670610735650577
0.442319924074156,6.9944232164476325,8.84347366900338
4.8766531757311675,9.647486943542912,0.600582831844283
3.460206365661138,4.215643242787348,4.141809695696787
5.121069497997645,8.538470285030137,0.16530788128236606
7.2298797152446355,4.530357711903107,4.284819324147731
4.77362217450012,4.768542226398448,2.7819824349837297
1.9802333808837391,8.703750466327785,7.992809785706216
3.9098370882449682,8.455877501603759,6.529737634942851
1.0779547352262275,8.349159032072105,5.527239504028829
5.571136160353134,0.21480520902321554,7.348727632390349
6.797450733895619,1.3691186477340722,0.5321139701046962
3.372735909684048,3.207211595976954,8.704500487981555
7.2729082027184315,1.139741659518051,1.3495616273195432
0.1358844605370002,9.025332092865096,1.8054049181201592
1.63166629883983,5.45610801879117,4.497287188495496
3.014605824557651,8.563743582927843,9.516372191120269
4.181932245879164,9.368708848816032,3.787615391571546
6.468832384986486,4.871118791395322,4.6907649630500945
1.999018620469979,3.224859969855526,3.304737961265507
8.434637698712782,8.238149902958272,2.0709616626398364
7.235455218657344,9.873559384106368,3.6968222780144377
8.797575502715347,4.953858373275999,2.4770033696766234
4.63152424084427,6.028531780343941,2.7289206933483956
2.252245035542165,9.2181361110473,9.553361375066624
5.147815219011418,8.899540772891093,9.3464055704979
9.163326684775951,4.765041722563165,4.678615435307318
3.543409781360741,8.130941844902376,1.2230855270365781
8.974602830215723,5.157155878985047,3.2771109394795395
0.2672656014818997,9.791191288263285,5.461909210083773
5.978621808269207,8.234793088424375,4.374918457305842
2.881997682514479,3.9339309491287464,9.851703266209826
6.226382976567207,3.2971311186047867,0.6206961925833832
1.1199510014508884,3.867537028231048,3.0539154581123196
8.666607743480187,3.400739521330991,2.6541815611792217
6.346153386808018,8.405871753864053,1.3410395634406147
1.6333100184538485,8.262956374015024,8.68795320586181
5.625560182726227,1.8880597979978286,5.633458751449288
2.5500527113917713,1.0484219486220636,1.9336220388454506
1.4832122713511897,7.091874761811678,5.955049379845615
9.229874745646557,9.443685135733144,5.153459932940672
8.648675575500844,1.1403442285818077,0.2448699534117882
9.705379715884389,0.9531910363709428,7.9810099531873675
6.692139206459799,9.896266621742654,5.336351261487112
4.614649678820685,5.766903987345989,9.968567508373217
7.775976199133053,7.307560724270202,2.190020859680625
9.555054832962531,7.614910374428733,6.736656130990367
3.2319120100559595,2.033930930822303,4.40746775282898
8.469963155196679,8.964517740208539,4.83566459417079
4.265860776781389,4.394142005696535,0.9324214688084886
5.931647547044811,5.029958664681371,8.341729539215876
9.33027947647517,3.8791949267768757,9.687967939826184
5.378799200525299,9.681067329837767,7.699233405053755
5.940975900567808,9.401818336786542,3.33885197273872
7.515096640086176,0.06623062271872371,4.637250483739265
0.5855586403653279,9.399704652757451,8.62930335492369
2.85978599430343,5.733711051932758,0.5200692783771765
5.840465079681847,7.3385352069027645,5.229552704538656
5.781328827870404,2.3229264075426936,6.611648220822607
4.78267004320862,9.484659291231349,4.728344909108579
6.350026630876785,7.384480194186205,4.403979261810871
4.61088243837695,9.734744063713666,6.172759524066907
0.871951661700594,7.9602121550350455,3.2480533439022627
3.485252039302258,9.52153529798943,7.89043566028595
5.869152012440341,8.51647337678246,7.719870407858153
3.1864086338376074,2.754419484021924,0.21054608956222576
2.0175188762181784,8.552565423793354,0.5762262296561838
1.500289393055042,9.554441057883597,9.888730418882663
1.4851926257771186,1.298277963966138,2.475980784488463
9.924977660619573,9.085851680754368,9.31407146645668
1.4839731593732386,4.093596677647168,7.3835801975787305
7.631060630740105,9.459348282767762,0.9033854817658571
3.0816810187373878,9.488457213134403,2.942200078001087
0.8638583772992969,3.818241744378553,2.9752540195231036
5.397986316331652,5.531267815947874,3.233245730805052
4.595904143158548,5.799370874161217,1.9608981128040193
7.537660105139522,4.0207069046778185,8.018557364860715
8.14303013959501,0.057015527958867995,6.141985928207969
9.897347722144458,5.754635911447048,4.134328886890113
0.7718939446932238,2.882070850665881,5.4840100174463755
8.853403506755559,9.880842540764746,4.094785820887834
0.18737602175967427,6.360834128510767,8.844836384987664
4.187175521545821,1.1580517370279508,3.1594149243844205
0.15616226687703905,6.903699766846204,6.689849145011324
2.1763839952521247,3.0408962483436097,0.5242080059560861
8.998743295905033,7.034438272857692,5.235538490939076
7.007574238126427,4.87926664038441,2.4421315036306304
9.233582629524037,4.569521160220072,5.648965902688142
1.3748912735727448,9.617498345905634,6.11915391701634
8.274361502819154,9.42985765185584,6.43119915056319
0.2821591129517853,5.4321926842217465,3.21475092807771
7.5643698921796965,7.177301107981337,1.6937141031055658
8.64140508122188,4.8034645796571045,9.275093610153329
6.190830988888337,3.0179850866699742,3.6053664137454566
5.4496265431216155,6.545103674009935,4.063095053858605
1.0020657705334612,9.709945971726967,2.0744963541041264
5.234708135400155,8.431473284279171,5.252920181779562
5.399456033574545,7.816925485194894,8.547650907962785
2.0615072702921955,1.7428632377997,6.96354360508617
3.4695193794198422,8.975669288611044,9.292072204698808
0.9556726677745375,0.6526030156143037,7.833754668745372
1.742360230402299,8.210090566054205,5.2812050996594495
5.816700282430541,8.754242748863536,1.1280499199857108
1.9472263778149046,2.8842848811049917,6.828907383505235
1.2079375110349755,4.653617525825626,2.33730254941554
9.373787543716517,2.0225437632262953,4.44999874847425
2.091956490644736,4.6944379856621845,2.9832917375085763
4.879087756573167,2.863857329812297,8.755162640785798
6.220169314427927,3.8699209776676646,5.385726485751209
6.940238394764895,1.0588106648868734,0.3727184121899796
1.9483963095422252,1.5944997456783472,5.436892144295662
1.927140896169487,1.5383194205658912,7.638412258032121
7.22608743887379,1.4333790831030557,6.073216554105753
7.769155880299781,1.324232465638704,7.359438710045323
5.8887797051116175,8.442569086535023,5.099654973409111
1.530189587948213,2.076050789664258,5.455199289237106
6.306781767511667,2.3262408234585363,3.672768378766037
0.7544735869651331,1.271426529700782,2.639208462006981
5.808701928957049,5.493350981321598,4.708334069088352
3.1727887457655433,2.1842222956688264,5.517961939049964
8.312286119672155,8.356716914449718,3.042192077457683
9.730175075541943,3.4397261256752634,9.86955652364019
4.692202368626778,8.586745030916548,7.32242678070817
2.87269039519796,1.8712762272935757,4.970612336872616
4.838074379904413,4.095814919504891,0.7852353403295131
5.037900719683464,1.8639937794841066,7.8776678668016045
0.7034838231730767,4.507601053978219,4.0922618009629215
2.158141718092177,8.124219994510291,6.052902953343623
0.06983003591094272,7.125434599389689,0.9521987726868009
2.725415770131251,8.229060074229352,1.7304513606921268
6.627581994708533,1.2796309829799934,3.4159896527152633
9.566327103467462,0.390383463144518,2.48331465626579
8.071174814616398,6.817746988968035,4.982733004735486
5.034175514375127,6.5236640614893435,3.793380412298043
4.35711549251367,4.4314981705882115,5.743280543604483
6.83321160161539,9.164831910097734,7.531227882669793
9.206556606291771,1.1574414853835735,1.7608870941332666
8.160788559249712,6.253845967504952,8.384604901006723
3.770797848882521,1.9701342253312693,0.49429394854573094
1.6309357562617688,0.4176278777126552,7.758462481239392
6.1061484128437025,2.3706774107291095,9.814339186574685
2.7429925028904503,1.2290944063774567,2.9084920358531416
9.202847266066414,1.3928126026689225,1.1820583947917496
4.45531722590615,1.1222022769323348,0.811732886797697
8.71804316016476,3.6941940634164263,0.2424960578611346
3.7617698311858314,2.631273000264076,7.826153369339495
0.6318913238723889,1.4196329291183696,0.4403680993215464
8.401761750473609,1.1166139564513444,0.22469556574182037
3.518283607711287,5.900278640846029,3.054277260473558
7.750771656982147,0.5412909175915859,0.568572314312008
4.35842499103389,6.932414515881595,1.2911748973422987
2.573658257017073,8.597184253408205,0.8125648986729628
2.9715098749054913,8.874032242862773,3.638759863678518
4.482707690297908,4.270199139203472,9.382525280019607
6.560317780721771,3.408635389463451,1.8785225206258627
9.539635855589456,6.8171670053566515,0.07717998656240455
9.46523780139958,6.9048075964790145,8.272182869670704
4.4734672348440805,8.079202054665242,0.06893394962880217
7.499972045049706,9.047381011903333,1.9950154669552467
9.755946826213863,5.635619332427958,6.293966203033681
2.7636355982249663,4.684570319029082,3.5973143273519437
7.249537037959259,7.846954938182216,9.014079465632621
0.9216430423872657,9.343311025856684,5.4817296885864994
4.97866509996372,9.190784340903617,7.885822577057258
7.882502966513467,8.45615032445573,6.606497726970279
9.684870933856368,5.910508612385535,9.14820985500096
3.528295154249541,3.0811563797100483,2.273442360033142
2.127900295954138,8.835614563972808,0.6841823706616168
8.833356073102387,8.773833650662622,8.252376607081523
3.0953277775880963,1.9653303658314203,4.839816845085714
1.7660878423741033,0.012291265691367625,2.722380039540236
4.9751788872389024,7.538588346685126,2.1809993252434614
3.6841365274487368,6.523697295993085,3.606354675300741
1.9099224655512215,6.304425500012849,4.1681184364682675
5.832724452064926,2.5458125822960733,5.168015753907326
4.504238139697575,0.686357250996803,6.345173267978
5.332043566284205,8.956234730025535,9.350996181185709
3.925515792507801,3.0546117737180936,1.5981064520583632
6.035381388376747,3.8296056947692367,6.591785060064231
0.4373948447792564,7.749109363105616,2.362484829154786
7.249659667438239,1.2183937469158823,5.8892853951884465
0.1343939415181017,2.7409824759584556,8.229109587433301
2.4474186612512416,0.19922336396961837,7.582029771845046
6.513730284495604,1.8844871177123002,6.139208264863978
0.38101613559268666,6.602734980226572,2.7493568233131347
5.482479627821838,4.802387552985944,0.908004113180001
2.6390683388647074,9.735042984042753,9.080919583148074
7.140338019110548,3.3278128630510384,4.0651711477352945
5.622168979160714,5.290600144939708,8.766792943785934
8.805252810411911,4.763388438082482,7.495026874483207
1.0788968688363498,8.69640913050847,1.3770392468558779
4.7171266756298,1.2112751827147517,8.950244827860226
2.7805335775596527,4.230134010047603,9.259088362017591
1.6690543487432896,3.9856105446162693,5.8525589329357395
1.6817743242915106,7.396868014866548,3.4492168676972925
0.19924635457343465,4.317112223445637,2.3249528846759118
9.990790433478256,3.8466619703405125,2.5714022694432503
7.557706355627861,1.618653362272563,9.31570581376766
3.578404576785764,1.355046386799652,1.2983741724776376
4.600729050475345,5.819182216748629,4.249670840006791
8.923680501140229,6.571297379128968,1.3146873399797265
3.1921610179925297,3.7410476527024548,0.40113336426104707
6.791846416714247,8.139500217680297,8.377161801853868
3.693792426076725,0.18494532192727897,0.5965201796909148
4.256872803248298,1.902674394584537,5.576649243190722
6.634583822347144,0.5207210204039991,4.478208176509792
5.092067945334949,0.43114791018128096,3.0607015171399574
4.954695480672958,3.9161473362096464,5.490410939323294
9.723067677371164,3.0927190914113325,1.5687370725076388
2.4431960577271417,7.676093973864333,3.1611621432387507
4.193786607655917,8.9271725318549,6.991011100209809
4.681723046013911,2.5319508040543504,5.546724584353776
1.0228899266733127,0.9195307292617017,6.125052689479108
7.637745013954811,5.082239532547989,1.2676626178625372
2.7581247869028225,6.370167797675208,9.349189163731328
8.312336338255246,7.702708149908625,3.5117495338377323
7.531518794321204,6.744881118375229,3.8552377338428387
5.734485667959745,0.9855377945328314,6.382046122325046
3.622287689094464,7.3339778817751435,0.5385782582054488
5.548733443090112,2.2977877404600946,6.862547638851177
1.8580586004006927,7.790781098148065,6.526177558803463
8.745329568343353,2.955981022117198,9.015836615312388
3.000546658486134,5.117514971254699,2.2256285986910695
5.284835540269591,2.025998562321706,0.9470383782341207
9.654357296963754,6.1100242873716475,1.0312250153267633
4.447458490021157,0.9760383183602672,3.603978897893445
6.12629336168205,9.81990690329809,8.447297568738868
5.0264871733677445,9.65576096016656,6.421082353646498
4.516725673201643,0.6641208397455722,9.060727774665306
7.7670475998099056,2.3461433917912733,1.972692779818922
8.107347631798149,1.9353202518585888,3.9028956133712835
6.010824523242796,9.342000374334035,5.9128383486891325
5.517829392175066,2.034205376387641,5.006770163176998
7.260753550266169,8.232401770064502,2.546657043330155
6.761876119919961,6.476452633061827,5.032777587644084
9.71953533931213,8.0365092445749,2.765426344822809
6.844989970528607,5.437671231884178,7.676922077437835
6.664653184273622,8.622199448397609,7.3882543962908
4.804512437288721,1.0799617478755585,0.36432835857045376
1.3429279215337475,9.410629574699621,9.387283927662894
3.3159277029085024,9.14683592081818,7.390971237213608
9.06242999311111,6.107405450999971,3.0117096870260776
1.3457032754377884,6.250437161624349,7.100687556833102
9.422250998928456,3.5413554496755273,7.233015112493856
3.363852631499852,1.535104768997877,2.34748538890151
0.9305359493531451,7.985118224650063,6.386881545566167
6.066604079978721,2.0275705173558753,6.617236453845134
1.3973291720077219,8.279927691703675,7.029686969192678
9.548410647036114,3.4236779193434552,9.275334715589876
2.934120386967095,8.04479805873513,7.957615864955228
3.1549233859215686,8.975373381615881,0.578013106360934
8.16137836028833,7.061181350380606,9.272412589114941
8.480522782652942,5.18614322882852,2.0445994548537327
9.811461460224054,1.4374114666973459,2.19024951106113
7.760811875323062,7.462635176926323,1.1313174921315727
6.642452658194995,4.641720886331601,3.9515811645053445
4.0180108126082335,3.1110731023280636,6.982426452316769
6.50285935558064,7.236312263542549,6.5457808070075965
4.907514903633469,3.1961660265766048,3.715960771969631
5.749073459725991,9.492323341597608,3.693325512476009
2.302537378217979,1.8309564278568213,7.4546826141317855
9.801738218962582,6.572667055624207,5.331339540000357
9.043745038536953,3.674080914727822,6.393441505349031
1.6928259852879923,1.1948847131877571,5.253882072388009
5.178867120251027,9.295022284839519,6.234249024839764
1.1724706285911857,5.424488637055943,3.5738110326364536
8.554369924411318,9.543487174826822,6.209332541315915
7.47938349318667,3.1720159107140447,7.054916825947297
1.3186154171824838,6.518965167371516,8.051956498172702
9.397598374419085,2.5923559152146702,2.417631727346169
1.514582368263706,6.946898275086063,9.529771679938142
8.041423366338377,4.719112414022034,8.522564145229685
5.081234643110796,5.44017620026753,1.6568897408618666
5.015598436024895,3.713904420880022,0.3007096667894582
1.420046590632531,1.5876194904240615,9.583914313933583
4.973237556418823,2.5498763728930407,9.086598284815334
0.43691063032918587,6.878772468431774,1.4317915389147085
0.43801099921569886,8.51933634444158,5.362129302412987
1.1848982922076678,0.6318195135713534,9.68557866361872
3.222910663041226,1.4882348013459035,4.644289462038503
3.16069684341905,1.7593162778073912,0.6798994500261468
1.8828301131672853,7.642208140518663,5.42575638046355
9.351133074992093,9.143129363721282,4.35721953076407
2.115961646715764,9.203763853484686,9.51564697758463
2.3332871595866065,4.584115305827124,2.24726177361772
8.927938446628271,9.794667590798419,8.191810277146757
2.4458099983231407,3.146905428869029,4.033101064743311
0.4992839661355397,0.7527443067502981,5.646376131610556
4.181587183752137,0.2307866444916029,9.528699239366498
1.904773302803543,3.6371101118876714,1.0731428104303975
6.414081005787833,1.0585033931876942,5.466945299849819
1.1863408689369015,1.1463797555000221,6.138309254665408
0.858654715557754,2.0114394124452675,6.137734309827515
6.5087265378256385,5.570804071152118,5.7598289418593005
9.292342819812877,5.5175377133511105,7.637129775176003
7.65518702100087,9.70816098329723,5.058416389501362
9.50247430833095,2.8245688928499737,0.2481308069253374
9.463087480995174,2.417258423827927,3.2242102072613377
3.7903231649165625,7.226496050988118,8.911761847770942
2.2788636148829178,6.774528392634659,9.143263989174796
0.21041534482765134,7.1507741429157035,3.2505444022187446
3.185000893579927,0.2817985881949481,6.964869183536068
0.8851549658687652,1.6198543621688966,1.4024235778524097
5.063232516256867,5.6431863086157446,9.75069406798514
6.215465073576821,1.5426201337264422,4.972283094149002
5.02347234949287,0.5493588858761511,0.030097837800392435
0.33375035952011967,2.0208468203954064,2.248240873915508
3.3517701546818603,4.557523681395682,8.270092598179135
9.233401155863772,5.860789767981904,3.1555588741520046
2.4374915216752346,0.8716923720855729,6.4019637476566
4.60823639588796,1.1290439935136098,0.7654605114071378
0.5995114943544755,7.07843742720182,7.435159193943523
8.396529491766728,5.018366054842706,3.072022908883291
5.184913882896697,7.602786586024117,0.8378556291272088
6.291440172312367,8.21037596715615,9.240542524960864
6.987913838258702,4.49459849218324,1.1473036993965902
5.511676370868964,0.38020854249436464,6.623709542543226
5.525608266774155,9.464348814010654,0.07041368547693327
7.132932277832033,5.594522227307678,3.951409508215351
0.39326979714152666,7.551935205467072,9.831583113414613
9.1377542047652,2.0384096699716814,1.2028829021781051
5.364772507960697,5.56280690696341,2.5904914928575327
7.973192650403017,1.297805385946863,0.9307938377142233
3.1094867409603486,8.139095018428463,8.355787911569394
2.4716081776117713,9.802648983297255,8.079201090098652
2.9946672282456466,0.43386809759563105,1.6974208421193715
3.94144697502266,8.26691394647025,3.8673485772118674
7.271693962863579,4.833179546602144,3.8790659026142205
9.233299356773832,1.2840615939464373,1.2612729495925534
4.562010797082369,6.0943064733980865,8.944277382966767
6.330974140128499,8.019503591349315,2.306790691848981
6.314646810628213,6.547726254913748,8.632694156021925
0.21189614600513718,8.80494394112133,9.30407324721747
7.670563713000469,5.257932995978375,0.5717849211803416
3.1939137263344017,1.4961241904542177,5.24864926339665
4.853154034020989,9.21530224656933,5.094064878860191
5.683233839929846,1.6972335095487845,0.4217551026243216
3.2173369474779854,1.9808501261504452,1.5619660130906554
7.224744584213122,2.5932310400141176,7.187051930623255
8.351161879875432,8.751703527231557,8.471785721037012
3.3042289207095275,8.338468815361168,8.604603930729311
9.96642841010803,9.977185537503367,4.372048007326299
5.089984584011379,3.3205826676274244,7.743784427156236
2.5392515400442903,9.545849915815646,1.9715428762231968
9.085652127310574,8.405433717578312,6.513012653887923
1.9734693042448859,7.142274412194185,7.325596539367412
5.590580909986898,5.775719498126689,0.5970092461432075
1.263890077362888,3.0476288594233427,3.0484106391971655
1.9487386896003056,9.631194616637055,2.8709059426335592
7.469628422623754,7.954221043153304,2.1795838094448836
1.8760874622811896,8.727266372671114,8.033440518785609
4.52260560977341,9.610452042677029,4.937090862525839
5.2622165278008755,2.9920539190236175,8.251179313393598
8.175562216259749,9.874471197320409,8.59729219758277
8.559978439285404,9.583977846649693,9.71964217729493
5.267308117544125,1.112361693373155,0.747785882160017
1.336937659361993,6.281090863231038,6.4625525748291865
2.4691943719299214,1.060066724401646,1.553524149391391
0.5587431294680423,3.2033687336070313,3.151753680298821
1.3786445628051047,6.546615621362771,7.67788205666185
4.51901937692872,7.039934884301778,3.5554049571293045
6.709030028917089,6.427622219404592,1.7539960742203864
4.3148036273399315,9.600362103125908,8.88772163816435
4.791572857124745,3.4097422697486834,0.8551349280552145
8.992505749089,6.432478384607679,2.2338616092450945
1.052444154407417,4.424827663994128,3.419092212908864
3.1024058546740174,5.788922757816457,8.983780946573033
8.824421898066136,2.569038175288234,5.819362467462472
0.753563591555978,8.736541555506209,0.980964781255661
9.287104201070628,5.088918538392785,0.23897835076579166
0.051807388203241045,6.289130748751082,0.3847075807350031
1.1311220327399774,2.1709966066316175,6.5346281324196624
6.889098433703329,2.0483336526184592,0.6820832714218406
8.05814359840073,4.893656555714282,0.9599692525518311
0.35896714932969753,6.846207577091889,8.515885182806404
2.9520270573788867,0.7780468307232491,4.140922471869427
0.25645284535721014,9.224815754460852,1.994219047799668
3.3563179067509,0.7461556826943727,9.228524980022833
0.2362121111652371,8.002063547517054,1.1471610823672418
4.75180523473019,0.6208964219928925,7.106167191640362
5.016167710980669,8.028565803119825,2.322936712335384
0.8972883595655634,5.213938750772328,1.9469996340366158
4.316915201735637,4.731912596918832,0.17026894855150743
2.401574386750389,6.660004787635199,4.5044593519591904
1.526414480104733,5.784583777182394,7.081363313890687
6.837028420840677,0.46937274534924023,5.9112018089198335
7.367524675596831,5.171908925345542,2.444245289119358
8.698349172043825,7.350493791902912,4.872529590471009
3.3378409166745335,8.915921589927322,9.392887540182395
3.3701225234752865,6.916818478294787,1.608602791930499
3.9377997452187854,5.52936019904228,3.4440009827536167
3.191502458515166,5.026569795990794,1.1065249858906079
0.09729185311081245,2.8038071290632596,8.675775129062409
2.271170827709353,3.2871404232709267,7.805209939071959
9.961993920406428,0.524604370840408,6.159604268734199
1.0903393888244384,0.9491084929530402,2.0731512383174078
3.6365807875848013,9.236995092620168,0.6817852013377024
9.468649497073304,0.5641999551115906,5.368979231737439
2.683815630902784,6.717622962868608,2.6508043052159347
9.016803345085513,3.044397487826381,2.814523541665902
0.27193695399245654,6.740074548539756,1.8963344816117345
9.011744731447259,7.9773401651183615,7.223911969329196
5.873418453222616,6.668489447457442,1.2166710199120956
2.419284468391949,7.651188672164918,1.8922610683259677
2.3623153822260203,1.8057031806750035,5.191759815960369
7.454130323226388,9.82760010047625,2.3881312468972506
2.845826790011423,9.348671262529674,9.032081803817174
0.07292940742262055,7.146920098677882,0.02742422388462895
2.437070816084023,0.3749822166553074,8.009199013849816
9.352071882577889,9.878686311361976,5.06817218681503
9.223214171274542,0.16899502199752559,4.740258159844293
8.973983400925468,6.5346367358767985,8.684125779510772
6.587841027608211,5.1985129271386565,5.4291559488878205
3.4371312274785106,0.5791991554272602,3.5820986299188027
0.9941242140538065,7.968807618213258,0.5825167732183534
0.11477745641885972,1.2026871386812543,7.536464390262603
9.855177095370399,5.964817311036562,2.475122288560528
7.232238697798056,9.126998118482444,8.703528125719856
7.026173874506022,5.270947513195184,3.8411537847127564
5.707880346459268,1.119747634733017,7.720642382878914
9.29478593309115,7.743130787683406,7.022107332734495
9.027701723040476,7.275373179609454,0.0793012002646909
3.709533972020731,3.784747167503195,0.9165560670851258
3.1911078057147515,9.355634171272605,6.682437073647075
5.611486296222862,8.643966555429847,5.070437481226553
0.1644288099966229,7.116917750492738,3.52015565594614
9.6049800938547,7.181969194744462,4.572425503493637
1.4675165250847566,2.5941063707069456,5.1081900844685535
3.8546895389492333,7.570741343756459,6.494567820532469
1.1687394985950295,2.3740485509609686,3.551221311379905
7.121974008458394,6.994744579847037,5.825114859537227
2.103807549534926,5.594781937129633,2.9332722611484097
8.258498774590512,1.3510565190012525,6.096019645119471
7.693078554882764,5.292976547187683,9.558977439621753
7.341202426820531,4.140522492525815,6.003929656398239
7.500092433531478,5.997708160005695,9.91350031524292
5.765979989855997,5.539676430499256,6.3179818253499755
7.339172051929223,4.076953954936643,0.7832930624591761
1.2868257788803306,4.540084721136731,6.642460347969367
5.944521774386386,1.940136344882749,7.09300838610469
9.801541978020566,9.017478884735723,7.5908241665809975
3.050114241011336,7.028139303451758,1.4557808262335004
8.10371699792536,7.8618855255622675,7.0932417742230545
7.289052657606884,6.512683818514455,8.939497303334074
5.499769539629581,2.045951782240442,1.8657873625764865
9.284931868111187,3.298089633766276,4.023686879156788
3.540000267579954,9.070921125175438,3.8264401496389056
0.6805407150666742,5.819314991025958,7.069003265818981
5.317638181187033,8.20490914433745,0.3885296546111461
6.061125459876605,4.128514984118277,1.778457522093826
7.6183615857640286,0.5201742652875807,8.517480446087491
2.6871458907080212,2.6271719472710253,9.245531125841673
5.664711708693488,2.742815221599788,7.003786092684683
4.253465398822685,1.9844412181062687,8.21925892322918
0.338325817202183,2.3507187117722017,0.20661419363594447
0.682161621205819,9.021157906352398,2.9069229850493237
1.6904709389509387,3.682881650945201,3.9578512932096235
5.754445976050154,3.852285394402722,9.623556803880758
2.0705850127135816,7.186388758458666,0.9550384581491833
0.4159424461838568,6.84526769901002,8.4389891414053
1.2318832253688905,1.9372976633545957,3.1902828895323765
7.978126633977896,1.9632811092159763,1.354252298560007
5.358282758016989,8.065820402336604,1.7517529878620242
2.8047064713572967,4.8244921067201485,6.755858384900639
8.594365624838849,9.174649511743576,9.350981037265168
4.744581573274809,0.9189981304638084,8.421564311708668
5.852642490101071,1.423710367587926,3.1871536637006557
7.360688283834222,1.8916735374013915,6.140836232725438
6.282043154221818,4.672236280022254,1.5284235506545751
0.7657875719604046,5.735814247911433,7.0999876655876
9.39402047993113,8.961884532308451,3.6993334113412626
8.492022546783156,2.193327626409988,8.325538858592411
5.420988326850392,1.6259870902167262,9.114457380333565
7.138914796966082,3.937047562058228,7.42834273559512
6.017880353159454,3.211749255590207,3.7950293981832006
0.283019498012268,5.974452706932841,6.475294522250557
0.2607744586780647,3.1698624981987256,5.651289275986047
1.1653357666417063,3.0349778729698818,1.7668657632621454
7.162368076625515,9.483677905954863,8.453975776723967
0.8752655208918525,0.7062703171074847,2.7364184135475256
6.608891443848864,2.19325211597176,4.430047006538303
0.45285684965523876,3.372029096075273,0.8836350947957528
2.242161453004645,8.591342287841304,5.240387006546157
2.1168688555814876,7.249256788151702,0.843894312030945
6.007875866416043,9.013721490357053,3.590309389229219
7.834392586296878,5.583422932242865,5.924623377403745
3.526946166078072,1.6425472075245218,3.305318914399712
6.957128273867815,0.007478718159207309,6.035262698778885
0.14361756838383255,1.9298641875143652,2.9284731934436605
9.335192181649676,4.808273197406827,7.319916755946775
6.038615858899517,9.222363864689045,9.954390838380604
5.0052076990749175,9.633415195674548,8.276786222853802
9.403734524457285,9.482302898952259,2.0625065945006993
6.378014198074354,1.498790350898822,0.24564869279061208
5.273444621059883,3.4100972557239464,3.4027963166221156
7.990383361373825,6.251229651896058,3.062881499889537
0.31373651472879294,7.161222237885848,6.1034383341063165
8.937404856798347,8.563254458213374,8.584174739624357
2.183934602545725,6.547671771357685,3.2164391879621492
6.400817638238987,6.140405424706653,1.5471428084222194
6.388906818356989,9.725582690030926,0.11759726345470956
3.073186154563655,2.7598320505354867,2.261816394659142
8.415855047205662,8.188940090277798,0.6572056806888482
4.0366299115926605,3.6471185448818435,0.1981055247295771
1.0444891742214502,9.375196747562294,6.058862060349619
8.829279871890376,3.6152716685018627,3.9817649027315936
7.274925717978671,0.9288069214999894,2.317986280264531
7.4416539108274655,7.902336833620388,5.001084571796711
3.2287318041578974,3.793413556433384,7.181437285681852
0.5798010323405067,0.10878140901013578,6.264631057563794
1.6604471326915737,4.3614687064672255,9.949991847040533
3.186674186301234,3.33052238742137,2.5532801401974137
6.562877725686387,4.740175913296701,5.081597865015286
3.805533764303486,1.8957886627478582,6.739106401891359
7.140346153851694,7.909629535965852,3.357410518441305
1.7015820368831924,3.4574494933307856,7.094826396880576
4.747581641460434,5.224067396056173,8.33828493793016
2.6864379647610868,1.3024013470175233,0.5490518591861826
5.474496765407495,6.113506353618112,6.682615790040049
7.1154453692494615,5.492159896856231,1.9702466417043574
2.9535834659457927,5.672496133799441,6.233040560601912
3.64180527614797,3.0068723983549814,0.3683543031569503
1.8201638155585687,4.518785859273576,8.929323428964102
5.078823313747445,0.150058987550461,7.777966509949902
5.923970540696875,3.447690965503093,4.647551935955248
1.1967642207436535,5.953239525199456,9.078855628849356
4.0502686350800685,3.2681183238794143,2.3484333073298758
0.4127032641635353,6.485711976453835,4.60890302035974
8.419659986529837,5.274856548742197,3.4435861114401045
8.351946854995326,4.904791621861624,8.315085258485338
7.997824044771582,5.83177568862452,3.9918693997499
5.217523257283473,5.6673049495822205,5.064641543582812
6.082448935281434,9.94163377831156,6.719920120255514
4.10801102586899,4.730731910180342,8.840449028296417
8.964786915335795,7.97540242092488,6.145509729472261
4.865641507811269,7.588382029906967,2.778477983872177
3.5432926281817445,8.034182981307632,5.53228059200447
5.521026556242308,7.326136891229165,2.6971174644832265
9.38145997113793,5.7266325069484445,3.736502176568991
8.967160630601667,1.0524808057376989,2.654353160963235
6.627111384524122,3.7041395477309247,5.273826945308301
5.162131433289662,6.307693162635611,5.493440990704883
4.400295710934189,7.1415370749002065,9.301631955963195
7.19478387613376,8.297892493882795,1.2882489156884003
7.556030568520921,2.1693640341174114,6.3549837259374975
0.15665590368077909,7.9345873708338654,4.818781319635672
8.489789085084743,6.841400375778725,8.42187569071216
2.6626893416759847,7.815957908205987,0.873936546038464
4.844547697022744,3.5198132141334684,5.169244975560999
2.1378772447920777,4.769808263162907,7.471530344115999
7.029353195558473,1.407872391449485,2.7665389634236606
9.756143973411156,8.953713643199823,5.5138917273676125
8.095560639912996,7.2133918504994625,8.2511979066441
4.467146660771315,2.4170822509305214,1.862066371079002
7.706081883124081,0.8299618061972003,8.425945762669961
1.232210898238727,4.60951212797848,9.535460748287258
8.433983629929209,0.5940627736975379,6.561818880609844
8.043129656618227,5.715271502570931,2.9392055086521274
1.6208760499759056,9.610308407393466,3.3155207802881748
0.41661633300768885,3.36992773460999,4.681869927527945
9.522002409715975,6.589262482237183,0.18864687037679628
7.5542528193791005,8.784268709909195,9.743140594966231
5.462232315791785,5.146900202093384,9.642238404438226
5.144892249317781,9.417659777485387,0.047037963119817006
6.623432425159375,0.7419432778604751,3.004073708168317
7.579697735912996,7.392168980662347,1.9748651812997642
5.8604992668100495,1.809599543894539,3.166585477114827
5.162831292088602,3.7093692104181675,1.1999984202841152
9.212548528891011,6.155754507393611,3.318225369814992
2.6188181682705203,5.076598686917907,7.43692249732211
4.806988337026867,7.909182350978332,8.935678767365726
2.4733953116315046,0.9432085023033132,2.2997772239499623
0.8907430715105458,0.014287336749377877,0.7926962468811483
0.7164247821577674,4.5745141148412465,4.1794622446270635
3.5024575588980458,1.8100510367483613,2.2158756241771482
6.13744402566324,6.364950569928073,6.915510649947264
6.779810638604035,7.943527286451866,8.413311568809993
2.4734827490538724,1.6075246875737759,6.607972482849459
6.851743442761455,7.81973860189614,2.218602473825455
8.01933552713443,5.574529980739037,2.984727108262234
1.9848693689473695,7.831884825793798,3.2573807695658274
9.154395899768213,9.783799827641259,9.750296742440314
8.217350980512988,2.380526536099392,5.682567758315828
2.2464675488485533,1.760195473074786,9.284794074254938
5.893759779649121,7.992174061570809,6.600927186688788
4.4338891933611,4.822311940425589,7.019737783715721
5.033796063916659,5.458490525188432,1.2232200646874858
9.847002213600938,5.393675745603058,9.008114133685405
0.6664988427947038,4.345402086732081,5.9853769095602996
4.281074245040037,0.07459676760230627,8.46690403873062
6.734057394293377,2.4084485842163907,4.994252601158848
2.1389732593392194,8.506038680585164,0.37378904378791433
5.735593051095901,8.539132131055108,3.2606937017193847
9.97287944246408,0.03822129529076568,8.776632139694811
2.452912871176606,6.892742116044074,2.638862474106914
1.5892907569421144,1.3153482751780654,2.9810575490517968
7.328226486118262,5.5224793269255805,3.36473844723276
2.4574824337142545,4.958767112902601,9.662661591090329
5.191216743803221,0.8054719162309387,6.004218849989108
3.9393207133001207,0.9584254701810979,1.6382628968502566
5.446312692623046,3.7072829708738197,6.55966860315711
3.217450183810503,9.60853150463062,3.3227808852738905
0.7438588573730298,3.9522588253039848,9.350308891978766
9.177665718304741,4.474303802957821,4.0208533110163245
0.35393915830633005,2.1092982652820913,5.189384581603306
6.1277114125018874,7.354491196483874,8.691173654571813
2.8223763390262366,0.27772697016643755,3.3666352071637986
5.5524574248897185,5.185681319354261,5.608891651845243
2.815160886578747,6.900269047848529,3.238608922884041
5.026423671791953,9.414082378335863,2.80759385230104
1.1993481747161416,8.642208706857058,6.539666300076222
3.8974229375714264,7.038756994234767,1.4007412949807807
8.838001439658706,8.27066841336842,3.358444830963413
5.703281302827308,2.533639112434064,4.261963556436043
9.729506028345845,6.4320824273782655,5.207142408068117
4.3478499873023635,8.939598257943278,2.7706452738025087
1.620658716020117,7.444743577493029,6.832730548561228
5.913122768432323,5.921051976616472,2.663659117414392
5.602591087307872,5.312513612595584,9.187068762201315
1.3963234667414215,9.383699102320648,4.604318438999785
8.675268875402116,3.8558984200300186,4.638952285618619
7.877601879013339,8.887648076571939,0.8898248408669318
2.6744431063626495,5.730359069099556,1.2805480723219387
6.047876095029498,3.5852122725689184,4.807479707925676
4.019916858943397,9.066213653843153,0.8847915422418162
1.5561727383925827,7.786247229540738,9.82683829849745
6.905897132057923,0.41958980895412945,4.06763851502631
7.102402284280915,5.110943612693197,1.904029050642957
3.289384811893049,6.243481794458658,3.7914391102557845
6.033326596966116,5.306036168297052,3.1365770793627465
2.3288844806572397,1.987245663045769,0.9589598873591798
3.511924493999409,3.8058029668736526,7.455702706629116
2.9671739079500914,5.671461939212065,0.9270853979674365
4.470861044320608,0.5164417680683109,4.18046463687064
9.805360699132397,6.400413727010857,8.355004398792268
5.339428016967423,6.667326570908196,1.9369907101935602
7.946552857327049,0.15818743328497864,5.9038589097797045
1.2117133767710409,0.47494467028176723,9.01731976740362
1.8272388137623796,2.897139125226121,0.22560659146777517
2.925608820731984,6.108571411922301,0.4547274731198947
2.1350788138108046,0.4948468173557752,1.0046590622625895
2.4657329349778623,5.63871946363793,9.360360435115854
8.168925140062269,6.021715822670846,6.87717824470962
4.158452689552132,3.1425996677639265,5.41290225436485
8.209415249863017,6.984077434523062,1.0990997934436875
3.4715103456774443,0.8918268334900203,2.59971801007739
1.7007184612385096,0.7056345757673133,7.9676994929045355
4.015784632262557,1.6912443067442307,0.5866371599281328
2.2802000933512865,3.9460818665259234,5.313464994423897
5.885245738969359,3.891582922073531,5.948896818850892
8.311082999990333,6.410640323529734,6.778892430119012
0.5991386477142047,5.577014639575565,2.361451228378492
5.701788881841674,6.846932884160535,7.71278375443308
4.9373012668163065,3.864408981256924,5.062252264809317
9.329251086249437,3.57909485897159,8.407622111236293
3.781099441154163,8.55327733621312,4.972336551869841
1.6790437675678882,8.440165057104313,8.194684538544942
5.837768432222359,9.966902792456466,3.462326717063957
1.3821503657756207,6.557515554278747,1.637567391700614
9.122993384226184,0.38185788650390906,6.008656472806928
8.985383503004556,1.640840319633946,2.7145120600963346
7.538173435293806,2.133606637976694,7.562472171005505
6.332467410201539,9.109578492526374,6.609376138059613
4.9759687424305366,5.450049145662097,8.02748043441564
2.8258915459581466,1.583967474410648,4.334938534605117
7.222797814251583,1.619292030349122,8.287413911643196
3.5377099841143425,3.184275056082746,5.200718143472491
1.5498016296274297,0.8157002825939885,9.088685870723777
4.991146339753611,1.8826236366705196,4.161786429286351
1.95924608003344,4.298465238912006,8.067251747086852
3.75976074390079,3.9198454027528107,8.826694181631877
2.6636112235972487,6.691744155095016,9.531444913200636
5.545567633485638,8.584095356443541,3.4712680051706677
9.246865582510646,5.246773674251958,6.958359728047193
7.701318556636759,4.469160037459429,0.8470111942885516
6.032732386439932,0.835593747843314,2.789992753784519
8.971916294386068,7.16213661904221,4.878541053883822
4.097527892529095,9.008994585983887,1.2837248452595507
1.4397657577544554,7.304131133282437,9.473163184545667
2.156833338036457,1.519741350227597,9.92717958541973
3.0223721712022655,7.288486563448604,7.419271320969968
3.734470675062963,6.1253938559379755,0.622226044126809
0.962255674532182,8.610302837607422,4.741456340494336
3.853425268956655,6.0618195683606455,4.276080507364735
6.974613021923346,9.005161864068956,8.704969071535924
7.779922201083226,4.1198408704576135,9.698857259241521
3.6884893899956737,4.3093236854032,8.194211030976012
7.743535646039597,8.303461219062335,4.466409281903426
8.40848702674501,2.173197992681052,7.642348451125881
8.24103138353809,8.136011194672214,9.486240566419074
8.433777296820375,3.470898860983971,1.829005278098239
0.015916929531946122,8.242397885528623,5.971580443452316
2.1674203840897266,4.6028656096666705,1.9786124518376602
6.646098825309918,0.6112667755091117,6.252578003622969
0.7089305169550053,0.16332140406289164,8.75587759393541
2.388291017312313,3.3618797662939413,2.589124666879583
9.827499937502216,0.011329867682660089,4.610641658605637
9.559061670313975,6.573028624748364,5.352616319475616
7.516481928810698,6.694610404859067,3.0982135027699753
9.387066027565881,1.033657078001684,4.771078733631611
3.0520857127418397,8.823060390576455,6.033980361596676
2.067348795766075,7.270356595638287,5.640815220156018
9.251782240204196,2.335906799727945,8.722296122199584
9.968644284520263,1.5264929449657882,3.5273477656835195
1.1981990597883352,4.536720356336716,2.523216371530003
5.332977465431284,1.3922904027213712,6.4885136080153885
3.543733669749024,6.777694678926888,2.6377747107543836
4.090089735725409,4.351161425326407,3.4211268450230925
3.5289251652651963,7.674588954517237,7.6940995110071935
2.390848602914959,0.1531221408065575,8.745524866346152
8.565565239585034,1.9408340447716688,9.240029579316456
7.925040547852362,7.668910116446779,1.7538665405286968
8.996712553440606,2.1905503798488803,7.646756700377333
3.106627422441368,0.8270496682804507,5.049203044188854
1.0451886988930859,9.16583424025718,0.0636260609561945
1.837416325885709,5.470578417242217,1.2957435520425842
8.825658005702842,1.7256363167320732,2.3714894161350886
1.3514246546421294,0.4372846052772983,6.7359491746933955
1.6354109089995883,3.826249381527238,1.6145409067338878
7.365003603797234,6.310649241000662,4.952709611845067
2.5323075765452865,3.2839450003551773,6.143218762402684
3.4041093623554444,9.064924560395497,2.4501019633416607
9.122460760892347,5.846155106647302,8.44435897204583
5.223257874561734,5.2351837683222975,8.682040032420051
7.051314856351355,2.442285423734444,3.151606058068391
2.8594134309721064,2.581794981435129,2.7703138206061286
6.463870862966127,9.803563641108099,0.7944351470075428
0.026967392411758606,4.883733378897207,8.730599113864347
5.262539144994464,5.794494156987405,6.463358581963172
5.9658492052794205,5.906142600242737,7.552735417034135
0.3673405142030184,9.944103930666982,2.2793816135287983
7.652522117638982,2.3109507859542022,9.67036513360166
8.108692080260694,6.828114003170494,7.054961580476883
8.890043676998907,8.098764510096267,5.7712281307422675
4.269873239846465,1.9116019253267613,3.1421914322890157
9.764799658361913,1.1826379676893706,1.6939745179031818
6.2922703081755,0.4072037759381808,8.520644122045498
2.580122127099669,1.9433035754465111,0.3005091040036134
2.952871205388953,9.117151834240104,7.34554324993947
1.903650078153517,1.410596777322768,6.393946137174699
1.5444387414542615,0.4021611298169059,3.17435337170651
4.785571200575506,2.562246760042494,5.068085879691596
1.6480039194180396,6.548227453200079,5.165703587429248
4.98955945390827,7.827578075590328,4.966766231266217
0.35870791087753373,4.953214989105851,4.726556559045942
0.3497871410869191,8.68696520338849,7.580304380162483
3.148504989310429,1.9232199571628772,5.476310020230085
0.3714402568818309,3.5575618976631507,4.328082263943705
7.615606824222479,3.5681455142922758,2.638673117343968
0.8161785273792632,9.252570904115714,3.23070639732037
7.233814519184849,7.217721125482757,9.942391840391018
9.247557009535418,6.897573957362776,2.4461939814606715
7.725657248165751,7.682829813729935,3.8175194999158437
5.432171535620823,8.809393966903666,1.0749969185257169
2.176750175315866,5.41430056412839,7.3549474367061505
8.418139378388593,2.1233974998623726,1.5326899440439345
0.6461217223508664,2.5339167476680413,6.415165028198004
6.738195845169138,3.011256166080911,3.184218083122331
4.266050692643017,2.5335971018582137,6.182573057011384
2.7361361218145666,6.299534397503472,9.08035463988733
6.120035850393947,4.508029052863209,7.122236832808021
8.053376696833244,3.238646522936678,9.016479264656532
1.880468898270441,9.789368120232862,9.766851796296166
8.911266866589392,4.094259557867478,8.684720646087879
8.394686281899789,5.38694183681018,0.5339548930365445
6.204962784231933,2.187955898810232,8.284064606513216
0.023573019876211854,5.404448965333108,2.450038998158335
3.5435986726296,3.6482606228466388,3.198722322601867
4.680039962811454,7.968477405554734,1.7488658291182946
4.533579526568782,9.616445546501641,3.258874568857374
4.028967678196118,2.204435535760382,6.287609499455203
8.42955977551123,4.47492485791318,6.137737121864105
2.1164825011828503,3.8887824023040762,2.3011001118734487
8.405125234959662,7.697548449259571,8.655512504996388
4.614773980012133,4.993332554994227,7.7394155808898715
4.070637845673515,5.100796101161298,6.249591097395947
7.334986518481376,7.2932849819962335,8.824779856265177
7.483898674314343,6.551096939963879,0.19905907817402202
7.665994109729612,3.34678429742599,5.0328406642281145
1.7106698057104175,5.801826941817301,3.8420848223441926
6.840327877236547,0.18996117691825187,4.781282711401362
1.7878193621096372,5.182440607868161,6.437754846897925
0.4959350333837842,8.295692857303383,7.613862505011369
3.9307042512967563,7.775422996778756,6.232315212015962
3.1571453768893507,9.087843391034887,6.699456242187169
2.475703825654537,2.031327417120161,4.228216752523217
2.3761312325937247,6.219346555785181,1.8787397244923443
5.972397014480318,7.404196111635537,6.126840221698987
6.446771105402849,6.329333152471665,4.5717368710515505
5.779878854970319,2.1803625886961706,1.0031357125089446
9.760153515827477,8.485045897703452,8.908099311518834
3.906390399112696,0.8329760123522589,7.498027896087889
9.718763038158574,4.742607173547269,6.509160706566402
6.852702834248127,9.06896322895248,4.065630460666955
6.164118470833859,3.17929114111727,4.547878925240477
4.029642551119976,2.657426521458446,5.534162076385395
6.117138822847442,0.34236304886877567,0.9387873923399392
9.495174144503423,5.1377089537244816,8.637610377927858
3.9187521846962703,7.919260761518505,0.21517002689001585
7.430120659631178,8.874775007878204,2.8742920617823318
0.47520983715307774,0.24040635580485192,7.167368020088288
9.356837188305953,7.905545922035021,9.049270947221306
2.2518981446253195,5.6386708963048715,8.694559453716769
8.775024237323658,5.4404041331647965,5.565459030237827
6.376618452984632,6.627012300955423,2.4085064215771324
4.113789511929379,8.181085978152897,2.2811342009008673
6.668243720206608,2.8202303809360973,4.30817080447806
0.12569830907740331,2.216826762562164,7.2397564476634715
9.565263464215652,1.0434474906932356,4.918675719602158
9.166224378623102,1.1734317326203103,7.902569814248892
3.2421821269954023,5.5370856197412985,2.6880678748077402
4.163585750298283,0.36842119213676416,9.023348514618402
7.589649977019742,2.384164704327232,8.874218120186816
5.806744395885705,9.927258146686738,3.6022209733930066
3.5210192145841788,0.7263357543505033,1.5505478423472596
3.753055491734697,3.4595469700552908,3.258422979543152
4.040369642520121,4.993410757238973,5.342528686564092
0.47233489418219476,4.569353240142658,8.891932584394617
4.6552523124268,6.639387437533034,0.0026831721589737345
9.954910466373589,5.724051366717639,5.966575025956243
4.331063983365794,3.4857318404259,2.4446565926176222
2.518288973578444,2.0975416210722067,8.015434552946386
9.812164255561477,5.574939278519638,8.79095774736318
6.622904079397344,6.259127571632893,3.9018801133582413
4.947184608247549,5.165488226349514,7.380375469051633
9.375679002261645,6.467530650177116,4.328143063503811
0.33237215392679653,5.894389048314272,0.6490890814279182
8.450876398440194,6.1191769242758065,8.19938864304466
2.399601543940808,3.418974273654741,0.4081466905700726
1.8431540040598504,6.836098252128905,6.661594390284597
4.773339818091552,3.6305689891975303,3.617814361319031
6.903154225669778,3.755446146519298,4.108323523681277
8.612996392692784,5.007683152799373,8.727081478160338
2.913890537876739,7.605776923931185,0.7016269322471924
2.490931768016437,7.785439525227052,6.140005803922804
0.9135201949492611,2.6996150745266014,7.373092550130091
8.434977882353113,9.188902917601673,9.340914731115822
4.310557329196295,1.4827988132901282,5.912489560570926
0.9772518915620243,9.771375056195344,1.5056199267019132
5.628580900602948,0.7455412481511114,2.4635676421451667
6.674843332967953,6.109741469698781,5.043500549039299
8.707909760540797,4.958840719745293,7.736740912461476
7.523184051585612,9.223434294730009,5.739279331692063
4.020388448806457,2.311123504808199,6.2998754557878955
3.1904909009138374,0.30073818659730134,6.609708526654446
4.904796714354402,7.374012346267678,8.443058535436045
4.9805257877276805,8.362704889674031,0.011680938555118647
3.232498881477164,3.618202200974342,0.6618582861321209
0.8080692379092569,3.182849973409679,9.480302407883801
8.12546197684345,7.630737256866254,3.350229651466119
4.075947394204176,9.216133617062566,9.00333988429081
0.7613622075430193,8.495289485396365,2.8242829800748295
6.833341598226292,1.0983633187676656,5.197275220889197
9.933994363998389,6.577187327724832,1.1604001484171123
5.17196888650245,2.2616385764614835,2.077394815782705
3.741687692736997,9.160908025165984,8.677935615480205
5.034382316679417,9.30868732043368,1.730888483227847
2.2826701786610872,4.518272823163153,9.1433635285902
5.124216185881738,2.029628140412132,8.466004903180117
0.9053899032395407,0.5453785286073154,1.9182034474898035
2.353247064890832,4.0034687616285165,3.4851256977003886
1.6165404687483176,8.039820070234658,8.933505483585073
0.41877981915539153,0.8543956336466074,4.518994090312648
8.373267599365718,4.89865944742194,5.8239606981109215
8.465295189579592,2.38120783912151,7.137389017036181
8.079736047525968,8.072872695918438,7.006603784848933
9.9143990520788,7.630487964657966,1.4694206930249443
7.931313566813653,1.6541919518982207,9.329543688681238
1.6971082587705821,6.1847724512958475,7.664504946669238
3.6559786256746705,0.2855750330368201,1.6823635920716662
1.9221079289718246,8.36811161516806,9.757066191505238
5.4443026962499665,1.2419106177369632,9.789542122329522
0.9406399362870776,0.1959488783649399,0.14694043141164737
9.074044160917545,6.595264619469204,5.130187771169197
3.569267235626011,3.9327860023692396,0.7261010508577748
6.522232227551726,2.452738085803218,8.857892193489521
3.8954446717894853,4.07223712990723,8.705046783026104
0.5903487692379183,1.3206206025349443,4.4352616549998345
2.4110281023774793,2.4132878174293215,3.6554427519705026
5.127128727929841,6.773119679486137,7.811983920760444
3.5462697805795695,1.3126295280330913,5.4218783139660145
6.0282678965438485,1.4130677857148266,5.565806549112535
4.19139171490103,4.506644650779993,4.67572028330542
0.08586540662886888,8.37455458138831,1.9290551016262691
9.786417260817782,4.226383598403734,5.713755308912537
9.890674366103736,3.1093199309804573,1.2599960438917157
1.5126617566844247,9.831657045535534,2.336408665531499
4.749270569147523,8.025531446569296,6.2248368011153135
3.409417852132414,6.763598335002912,1.9589811340768681
4.6858417719877075,2.9329224515076135,5.238483910692048
5.927221113517058,6.505683203426589,7.804725445392596
7.489872320183548,0.8151740212419323,4.418578190251061
7.751602172313742,1.4624857916407952,9.73958105887444
8.09013078129685,1.8837407335267808,7.6569711657868735
9.971315778837404,6.95152942961506,1.248051373395399
6.687406888774702,9.460729099244272,8.672334081015213
4.628106883983242,5.910387065732436,4.042910804777543
4.578893946005148,3.0480236746897535,3.779968366723976
1.8003279211432943,9.78603736302269,8.671877188096303
8.309784177498829,6.707101232132055,3.4791689013366147
3.6124383872539614,8.797885876126584,2.329125005469331
7.917237252407439,8.7092782142024,6.449022711746134
4.931580653754399,1.6581653430997567,1.0070700138836142
9.496140056897794,1.4817802805947655,9.814422239259232
8.78005822644544,6.240651749120037,3.3549169022874215
6.752107755523133,4.753409277022365,8.49605375788681
6.381459456875092,7.455178935822681,5.836031010947471
4.07207045876592,8.203632742028121,8.365778342666058
3.7649262585155006,5.701031959707721,3.6145904939966247
7.622895636059125,0.5963933338075145,5.118626506620299
2.237579506453641,2.0065481429743492,8.683527504306996
2.150568490239549,7.748905825219913,5.724986538792859
3.309625733545407,5.223933187357281,2.9832314850672113
4.058044381762804,7.056666640309034,6.33628191722309
9.895619834294083,5.274343246674245,6.644072682410755
3.3164386905675345,5.599621657597793,3.4832988192405443
7.08882607755133,5.385946134334983,2.163793867757562
8.586703302162038,5.138355936555027,8.088292091378168
3.5556884559994204,3.643613093363717,8.403783543047725
6.246981697043696,5.189067619300079,0.29262892906537274
0.2540288804960822,9.344649334606073,1.890209021650614
6.492397432831253,8.691585209474157,3.5452975038993175
9.218111876501467,8.395206379941751,4.948189137169675
5.996692683001442,2.6766449132349237,4.383312221060082
9.934235396226326,8.765944774991418,4.1308643401740985
6.152838317806625,0.051594695564954884,5.759948632090755
1.9977256887709094,2.7997554897170964,7.337391929557349
5.324612338737678,0.46176113353073367,2.3009100559263707
6.028126920250324,9.08455752118495,6.922401074759666
8.756781247028092,8.687527227153888,9.365835304493457
8.068604497319754,7.780035845745083,8.112557749691527
4.820868705435293,1.7929789358572534,0.08578335500724843
0.5062064543214118,4.3267986082790575,2.8378895863977394
6.136140312578881,0.15845955068304995,7.650143463956571
4.340314130499139,0.4735087647319325,4.114451707571007
9.393963491146424,8.265515931718989,1.4804232649304616
2.813044665340433,0.4416390606443399,6.632410949130905
0.2932577672835712,0.19399262318393506,1.8493828123965539
8.228459258713047,2.217084256835833,1.3278246982161412
4.9731610757070595,3.312017562452457,7.226481866619823
4.0120757511294975,8.031732211198033,3.8324882684902537
4.392323608271683,5.543466004507744,5.539865098270093
8.751236063467637,8.101379359584035,2.9273563100711564
7.229795333271104,6.823651186917309,3.623947765436645
9.999881106151756,2.7477772974250145,5.501631064438465
9.083685958403358,9.118900756774348,3.139589943272046
2.1351866881405446,0.20591447939613428,9.652815328616834
8.040703702451836,9.462185628738524,3.2408892757169374
5.531865411806919,6.940654140914989,4.779502260894554
1.7476161714896876,7.285412970588794,4.73848162470754
2.113440551920317,6.867654997505572,6.0576512723037474
3.8962005124694765,9.51459333177471,9.21553398540387
8.152079152688865,5.441022798090229,6.509675743044898
6.152080123879127,3.2148258679736474,4.262113050856976
1.649320152375564,8.538137169913814,3.7191091531832434
2.576118716522383,9.92152094027454,9.467057111780415
1.4000976289388412,9.796925335433643,7.412055418044444
7.315823174936114,8.22410473630854,0.23961266371967715
7.159621508617796,9.69070294141397,4.415449617376691
4.555661843647643,2.8972296774056474,9.45643981021246
4.930388952573842,0.6382813503612095,9.138757982579701
4.40345583286723,7.258594387088095,7.244491068458051
9.270618240066003,7.139324605798056,1.0244510197200085
7.733712650501814,1.793791606663352,4.034267713999977
9.377784571973391,1.2789057780860724,9.207393036272826
8.514667678955535,2.0107816341949047,4.999081328253538
6.475745276521212,3.3363557318213832,5.446782886284782
4.6444917330758075,9.359152711271319,0.032781283420338925
3.340298325551246,9.317715383587556,0.7881778730730848
